[gd_scene load_steps=12 format=3 uid="uid://vi0aftyh1au0"]

[ext_resource type="Material" uid="uid://jwcxs2rxl3ce" path="res://Materials/DebugBorder.tres" id="1_k1grv"]
[ext_resource type="Material" uid="uid://cx0atg4k5plkp" path="res://Materials/DebugFloor.tres" id="1_keaj2"]
[ext_resource type="PackedScene" uid="uid://j3r26g4shmbm" path="res://Scenes/Assets/Buildings/Building.tscn" id="1_ltmi4"]
[ext_resource type="Script" path="res://Scripts/terrain.gd" id="1_uhfq6"]

[sub_resource type="NavigationMesh" id="NavigationMesh_260au"]
geometry_parsed_geometry_type = 2
cell_size = 0.15
cell_height = 0.05
agent_height = 1.25
agent_radius = 0.4
agent_max_climb = 0.1
agent_max_slope = 20.0

[sub_resource type="BoxShape3D" id="BoxShape3D_kv553"]
size = Vector3(95, 0, 95)

[sub_resource type="PlaneMesh" id="PlaneMesh_gl80s"]
size = Vector2(95, 95)

[sub_resource type="BoxShape3D" id="BoxShape3D_36jv3"]
size = Vector3(25, 5, 95)

[sub_resource type="BoxMesh" id="BoxMesh_ce1db"]
size = Vector3(25, 5, 95)

[sub_resource type="PrismMesh" id="PrismMesh_jid4c"]
left_to_right = 0.0
size = Vector3(50, 50, 5)

[sub_resource type="ConcavePolygonShape3D" id="ConcavePolygonShape3D_560p8"]
data = PackedVector3Array(-25, 25, 2.5, 25, -25, 2.5, -25, -25, 2.5, -25, 25, -2.5, -25, -25, -2.5, 25, -25, -2.5, -25, 25, 2.5, -25, 25, -2.5, 25, -25, 2.5, -25, 25, -2.5, 25, -25, -2.5, 25, -25, 2.5, -25, 25, -2.5, -25, 25, 2.5, -25, -25, -2.5, -25, 25, 2.5, -25, -25, 2.5, -25, -25, -2.5, -25, -25, 2.5, 25, -25, 2.5, -25, -25, -2.5, 25, -25, 2.5, 25, -25, -2.5, -25, -25, -2.5)

[node name="Terrain" type="Node3D"]
script = ExtResource("1_uhfq6")

[node name="NavigationRegion3D" type="NavigationRegion3D" parent="."]
navigation_mesh = SubResource("NavigationMesh_260au")

[node name="FloorStaticBody3D" type="StaticBody3D" parent="NavigationRegion3D"]

[node name="CollisionShape3D" type="CollisionShape3D" parent="NavigationRegion3D/FloorStaticBody3D"]
shape = SubResource("BoxShape3D_kv553")

[node name="MeshInstance3D" type="MeshInstance3D" parent="NavigationRegion3D/FloorStaticBody3D/CollisionShape3D"]
material_override = ExtResource("1_keaj2")
mesh = SubResource("PlaneMesh_gl80s")

[node name="BorderStaticBody3D" type="StaticBody3D" parent="NavigationRegion3D"]

[node name="CollisionShape3D" type="CollisionShape3D" parent="NavigationRegion3D/BorderStaticBody3D"]
transform = Transform3D(1, 0, 0, 0, 1, 0, 0, 0, 1, 60, 2.5, 0)
shape = SubResource("BoxShape3D_36jv3")

[node name="MeshInstance3D" type="MeshInstance3D" parent="NavigationRegion3D/BorderStaticBody3D/CollisionShape3D"]
material_override = ExtResource("1_k1grv")
mesh = SubResource("BoxMesh_ce1db")

[node name="CollisionShape3D4" type="CollisionShape3D" parent="NavigationRegion3D/BorderStaticBody3D"]
transform = Transform3D(1, 0, 0, 0, 1, 0, 0, 0, 1, -60, 2.5, 0)
shape = SubResource("BoxShape3D_36jv3")

[node name="MeshInstance3D" type="MeshInstance3D" parent="NavigationRegion3D/BorderStaticBody3D/CollisionShape3D4"]
material_override = ExtResource("1_k1grv")
mesh = SubResource("BoxMesh_ce1db")

[node name="CollisionShape3D2" type="CollisionShape3D" parent="NavigationRegion3D/BorderStaticBody3D"]
transform = Transform3D(-4.37114e-08, 0, -1, 0, 1, 0, 1, 0, -4.37114e-08, 0, 2.5, 60)
shape = SubResource("BoxShape3D_36jv3")

[node name="MeshInstance3D" type="MeshInstance3D" parent="NavigationRegion3D/BorderStaticBody3D/CollisionShape3D2"]
material_override = ExtResource("1_k1grv")
mesh = SubResource("BoxMesh_ce1db")

[node name="CollisionShape3D3" type="CollisionShape3D" parent="NavigationRegion3D/BorderStaticBody3D"]
transform = Transform3D(-4.37114e-08, 0, -1, 0, 1, 0, 1, 0, -4.37114e-08, 0, 2.5, -60)
shape = SubResource("BoxShape3D_36jv3")

[node name="MeshInstance3D" type="MeshInstance3D" parent="NavigationRegion3D/BorderStaticBody3D/CollisionShape3D3"]
material_override = ExtResource("1_k1grv")
mesh = SubResource("BoxMesh_ce1db")

[node name="MiddleMeshInstance3D2" type="MeshInstance3D" parent="NavigationRegion3D"]
transform = Transform3D(1, 0, 0, 0, 2.98023e-08, -1, 0, 1, 2.98023e-08, -6, -0.5, -6)
material_override = ExtResource("1_k1grv")
mesh = SubResource("PrismMesh_jid4c")
skeleton = NodePath("")

[node name="StaticBody3D" type="StaticBody3D" parent="NavigationRegion3D/MiddleMeshInstance3D2"]

[node name="CollisionShape3D" type="CollisionShape3D" parent="NavigationRegion3D/MiddleMeshInstance3D2/StaticBody3D"]
shape = SubResource("ConcavePolygonShape3D_560p8")

[node name="MiddleMeshInstance3D1" type="MeshInstance3D" parent="NavigationRegion3D"]
transform = Transform3D(-1, -8.74228e-08, -2.6054e-15, 0, 2.98023e-08, -1, 8.74228e-08, -1, -2.98023e-08, 6, -0.5, 6)
material_override = ExtResource("1_k1grv")
mesh = SubResource("PrismMesh_jid4c")
skeleton = NodePath("")

[node name="StaticBody3D" type="StaticBody3D" parent="NavigationRegion3D/MiddleMeshInstance3D1"]

[node name="CollisionShape3D" type="CollisionShape3D" parent="NavigationRegion3D/MiddleMeshInstance3D1/StaticBody3D"]
shape = SubResource("ConcavePolygonShape3D_560p8")

[node name="Player1_TopTower" parent="NavigationRegion3D" groups=["blue_team"] instance=ExtResource("1_ltmi4")]
transform = Transform3D(1.25, 0, 0, 0, 1.25, 0, 0, 0, 1.25, -44.5, 0, 27)
building_damage = 50
building_armor = 25
building_health = 750
building_range = 8.0

[node name="Player1_MidTower" parent="NavigationRegion3D" groups=["blue_team"] instance=ExtResource("1_ltmi4")]
transform = Transform3D(0.883884, 0, 0.883884, 0, 1.25, 0, -0.883884, 0, 0.883884, -31, 0, 31)
building_damage = 50
building_armor = 25
building_health = 750
building_range = 8.0
building_lane = 1

[node name="Player1_BotTower" parent="NavigationRegion3D" groups=["blue_team"] instance=ExtResource("1_ltmi4")]
transform = Transform3D(0, 0, 1.25, 0, 1.25, 0, -1.25, 0, 0, -27, 0, 44.5)
building_damage = 50
building_armor = 25
building_health = 750
building_range = 8.0
building_lane = 2

[node name="Player1_TopBarrack" parent="NavigationRegion3D" groups=["blue_team"] instance=ExtResource("1_ltmi4")]
transform = Transform3D(1, 0, 0, 0, 1, 0, 0, 0, 1, -41.4, 0, 35)
building_type = 1
building_armor = 50
building_range = 5.0

[node name="NavigationLink3D" type="NavigationLink3D" parent="NavigationRegion3D/Player1_TopBarrack" groups=["teleport"]]
transform = Transform3D(-1, 0, -1.50996e-07, 0, 1, 0, 1.50996e-07, 0, -1, 0, 0, 0)
bidirectional = false
start_position = Vector3(0, 0, -1.5)
end_position = Vector3(0, 0, 2)
travel_cost = 0.3

[node name="Player1_MidBarrack" parent="NavigationRegion3D" groups=["blue_team"] instance=ExtResource("1_ltmi4")]
transform = Transform3D(0.707107, 0, -0.707107, 0, 1, 0, 0.707107, 0, 0.707107, -36, 0, 36)
building_type = 1
building_armor = 50
building_range = 5.0
building_lane = 1

[node name="NavigationLink3D" type="NavigationLink3D" parent="NavigationRegion3D/Player1_MidBarrack" groups=["teleport"]]
transform = Transform3D(-1, 0, -1.50996e-07, 0, 1, 0, 1.50996e-07, 0, -1, 0, 0, 0)
bidirectional = false
start_position = Vector3(0, 0, -2)
end_position = Vector3(0, 0, 2)
travel_cost = 0.1

[node name="Player1_BotBarrack" parent="NavigationRegion3D" groups=["blue_team"] instance=ExtResource("1_ltmi4")]
transform = Transform3D(-4.37114e-08, 0, -1, 0, 1, 0, 1, 0, -4.37114e-08, -35, 0, 41.4)
building_type = 1
building_armor = 50
building_range = 5.0
building_lane = 2

[node name="NavigationLink3D" type="NavigationLink3D" parent="NavigationRegion3D/Player1_BotBarrack" groups=["teleport"]]
transform = Transform3D(-1, 0, -8.74228e-08, 0, 1, 0, 8.74228e-08, 0, -1, 0, 0, 0)
bidirectional = false
start_position = Vector3(0, 0, -1.5)
end_position = Vector3(0, 0, 2)
travel_cost = 0.3

[node name="Player1_Nexus" parent="NavigationRegion3D" groups=["blue_team"] instance=ExtResource("1_ltmi4")]
transform = Transform3D(0.707107, 0, 0.707107, 0, 1, 0, -0.707107, 0, 0.707107, -40, 0, 40)
building_type = 2
building_armor = 50
building_health = 1000
building_lane = 1

[node name="TimerLabel" type="Label3D" parent="NavigationRegion3D/Player1_Nexus"]
transform = Transform3D(1, 0, 0, 0, 1, 0, 0, 0, 1, -0.884743, 3, 0.729689)
billboard = 1
font_size = 60

[node name="Player2_TopTower" parent="NavigationRegion3D" groups=["red_team"] instance=ExtResource("1_ltmi4")]
transform = Transform3D(1.25, 0, 0, 0, 1.25, 0, 0, 0, 1.25, 27, 0, -44.5)
building_damage = 50
building_armor = 25
building_health = 750
building_range = 8.0

[node name="Player2_MidTower" parent="NavigationRegion3D" groups=["red_team"] instance=ExtResource("1_ltmi4")]
transform = Transform3D(0.883883, 0, 0.883883, 0, 1.25, 0, -0.883883, 0, 0.883883, 31, 0, -31)
building_damage = 50
building_armor = 25
building_health = 750
building_range = 8.0
building_lane = 1

[node name="Player2_BotTower" parent="NavigationRegion3D" groups=["red_team"] instance=ExtResource("1_ltmi4")]
transform = Transform3D(1.25, 0, 0, 0, 1.25, 0, 0, 0, 1.25, 44.5, 0, -27)
building_damage = 50
building_armor = 25
building_health = 750
building_range = 8.0
building_lane = 2

[node name="Player2_TopBarrack" parent="NavigationRegion3D" groups=["red_team"] instance=ExtResource("1_ltmi4")]
transform = Transform3D(-4.37114e-08, 0, -1, 0, 1, 0, 1, 0, -4.37114e-08, 35, 0, -41.4)
building_type = 1
building_armor = 50
building_range = 5.0

[node name="NavigationLink3D" type="NavigationLink3D" parent="NavigationRegion3D/Player2_TopBarrack" groups=["teleport"]]
bidirectional = false
start_position = Vector3(0, 0, -1.5)
end_position = Vector3(0, 0, 2)
travel_cost = 0.3

[node name="Player2_MidBarrack" parent="NavigationRegion3D" groups=["red_team"] instance=ExtResource("1_ltmi4")]
transform = Transform3D(0.707107, 0, -0.707107, 0, 1, 0, 0.707107, 0, 0.707107, 36, 0, -36)
building_type = 1
building_armor = 50
building_range = 5.0
building_lane = 1

[node name="NavigationLink3D" type="NavigationLink3D" parent="NavigationRegion3D/Player2_MidBarrack" groups=["teleport"]]
bidirectional = false
start_position = Vector3(0, 0, -2)
end_position = Vector3(0, 0, 2)
travel_cost = 0.1

[node name="Player2_BotBarrack" parent="NavigationRegion3D" groups=["red_team"] instance=ExtResource("1_ltmi4")]
transform = Transform3D(1, 0, 0, 0, 1, 0, 0, 0, 1, 41.4, 0, -35)
building_type = 1
building_armor = 50
building_range = 5.0
building_lane = 2

[node name="NavigationLink3D" type="NavigationLink3D" parent="NavigationRegion3D/Player2_BotBarrack" groups=["teleport"]]
bidirectional = false
start_position = Vector3(0, 0, -1.5)
end_position = Vector3(0, 0, 2)
travel_cost = 0.3

[node name="Player2_Nexus" parent="NavigationRegion3D" groups=["red_team"] instance=ExtResource("1_ltmi4")]
transform = Transform3D(-0.707107, 0, -0.707107, 0, 1, 0, 0.707107, 0, -0.707107, 40, 0, -40)
building_type = 2
building_armor = 50
building_health = 1000
building_lane = 1

[node name="Player2_MidSpawner" type="Marker3D" parent="."]
transform = Transform3D(-0.707107, 0, 0.707107, 0, 1, 0, -0.707107, 0, -0.707107, 38.6, 0, -38.6)

[node name="Player2_MidExit" type="Marker3D" parent="."]
transform = Transform3D(-0.707107, 0, 0.707107, 0, 1, 0, -0.707107, 0, -0.707107, 23, 0, -23)

[node name="Player2_BotSpawner" type="Marker3D" parent="."]
transform = Transform3D(-0.707107, 0, -0.707107, 0, 1, 0, 0.707107, 0, -0.707107, 41.4, 0, -38.6)

[node name="Player2_BotExit" type="Marker3D" parent="."]
transform = Transform3D(-0.707107, 0, -0.707107, 0, 1, 0, 0.707107, 0, -0.707107, 40, 0, -14)

[node name="Player2_TopSpawner" type="Marker3D" parent="."]
transform = Transform3D(0.707107, 0, 0.707107, 0, 1, 0, -0.707107, 0, 0.707107, 38.6, 0, -41.4)

[node name="Player2_TopExit" type="Marker3D" parent="."]
transform = Transform3D(0.707107, 0, 0.707107, 0, 1, 0, -0.707107, 0, 0.707107, 14, 0, -40)

[node name="Player1_MidSpawner" type="Marker3D" parent="."]
transform = Transform3D(0.707107, 0, -0.707107, 0, 1, 0, 0.707107, 0, 0.707107, -38.6, 0, 38.6)

[node name="Player1_MidExit" type="Marker3D" parent="."]
transform = Transform3D(0.707107, 0, -0.707107, 0, 1, 0, 0.707107, 0, 0.707107, -23, 0, 23)

[node name="Player1_BotSpawner" type="Marker3D" parent="."]
transform = Transform3D(-0.707107, 0, -0.707107, 0, 1, 0, 0.707107, 0, -0.707107, -38.6, 0, 41.4)

[node name="Player1_BotExit" type="Marker3D" parent="."]
transform = Transform3D(-0.707107, 0, -0.707107, 0, 1, 0, 0.707107, 0, -0.707107, -14, 0, 40)

[node name="Player1_TopSpawner" type="Marker3D" parent="."]
transform = Transform3D(0.707107, 0, 0.707107, 0, 1, 0, -0.707107, 0, 0.707107, -41.4, 0, 38.6)

[node name="Player1_TopExit" type="Marker3D" parent="."]
transform = Transform3D(0.707107, 0, 0.707107, 0, 1, 0, -0.707107, 0, 0.707107, -40, 0, 14)

[node name="BotPath" type="Marker3D" parent="."]
transform = Transform3D(-1, 0, -8.74228e-08, 0, 1, 0, 8.74228e-08, 0, -1, 40, 1.5, 40)

[node name="TopPath" type="Marker3D" parent="."]
transform = Transform3D(1, 0, 0, 0, 1, 0, 0, 0, 1, -40, 1.5, -40)

[node name="MidPath" type="Marker3D" parent="."]
transform = Transform3D(1, 0, 0, 0, 1, 0, 0, 0, 1, 0, 1.5, 0)

[connection signal="ready" from="." to="." method="_on_ready"]
